id,EAP,HPL,MWS
id02310,0.005083297281287088,5.1701906569801256e-05,0.994865000812143
id24541,0.9979565937529284,0.001975304295988139,6.810195108344978e-05
id00134,1.3739033270133645e-06,0.984893235391071,0.015105390705601855
id27757,0.2906971108287079,0.7086047523214588,0.0006981368498332776
id04081,0.06405281654256598,0.0012519752750333839,0.9346952081824007
id27337,0.997913168331832,0.0010658441889521333,0.0010209874792158698
id24265,0.9979075688851795,0.002090930417854147,1.5006969665017617e-06
id25917,1.6122349551512029e-06,0.891944571023821,0.1080538167412238
id04951,0.9999692775009535,3.0664615258671006e-05,5.788378775326919e-08
id14549,0.9901800604862208,1.5665785619125114e-06,0.009818372935217395
id22505,2.216378363468596e-06,0.024270901911536993,0.9757268817100996
id24002,7.531544963083817e-07,0.9789360914464508,0.021063155399052902
id18982,7.033138829559228e-05,0.13381768164842023,0.8661119869632843
id15181,0.0003361434080348738,0.9994186884116799,0.00024516818028524163
id21888,0.4982739285569118,1.0000908312737708e-05,0.5017160705347753
id12035,1.0005414035264515e-05,7.629817887760876e-08,0.9999899182877858
id17991,0.12232630689625176,7.132814320752485e-05,0.8776023649605407
id10707,0.9998765830753944,0.00012241351383026846,1.0034107753723652e-06
id07101,0.9720220903840315,0.0011166505124885577,0.026861259103479838
id00345,0.601490485035883,0.3985054421878921,4.072776224919261e-06
id05912,0.9996536781646899,0.00013898319639196621,0.00020733863891820632
id13443,0.9221923389547652,0.0016972494377790373,0.0761104116074558
id09248,0.017974995200055417,5.662483394746158e-05,0.9819683799659971
id17542,0.0006802637830458217,0.9683544369865734,0.03096529923038072
id06995,0.14835330470697708,6.895846637998942e-06,0.8516397994463849
id25159,0.031956276439913466,1.724183842896037e-06,0.9680419993762436
id25729,0.2461721868981111,0.31990931720459737,0.43391849589729165
id26949,0.9979750024563969,8.82057410198598e-05,0.001936791802583154
id27191,2.5230577585440963e-05,1.8381156314697766e-06,0.9999729313067831
id07668,0.009619980207846001,5.826761400366181e-06,0.9903741930307537
id02230,0.0003576697232042963,0.006769455109819465,0.9928728751669762
id15553,0.9999899013058604,3.014155423603576e-06,7.084538716052632e-06
id25688,4.202075087500231e-06,0.919759348616759,0.08023644930815346
id17545,0.83583308381855,0.1640992315618394,6.768461961044852e-05
id13929,0.006898324940911819,0.07029915515807524,0.9228025199010129
id12880,0.00232010344625791,0.6327235688713334,0.36495632768240865
id19282,0.9965470203407327,0.002559036276380971,0.0008939433828860967
id14690,2.1365522740730283e-07,0.00013301926650645713,0.9998667670782663
id17975,0.05903312487678354,0.9386367419501146,0.0023301331731018665
id08037,0.9913405706074266,0.0008558272791345564,0.007803602113438767
id15412,0.1984995951105656,2.2380885497602322e-05,0.8014780240039369
id25032,0.6781221208300786,0.0006811775467314449,0.32119670162318986
id27165,0.9950552859054929,0.004879717222802588,6.499687170448455e-05
id03327,0.9907724084527604,0.007375647166796134,0.0018519443804434163
id18515,0.9960467192884066,0.002508505464280032,0.0014447752473134075
id21003,0.014914219656788127,0.004772638600382883,0.9803131417428289
id23855,7.541372202838466e-08,0.9972907836868653,0.0027091408994126486
id20724,0.920844127581077,0.07762408878580193,0.001531783633121048
id13303,0.6308162496248274,0.0008799056566230228,0.36830384471854954
id16521,5.574500564628156e-06,0.16475759787884947,0.8352368276205858
id20775,0.9999532945892009,4.520956231687185e-05,1.4958484821235536e-06
id13029,0.8862416921277061,0.0035266961975860558,0.1102316116747078
id14660,0.983708212386472,0.016288885521020844,2.902092507213106e-06
id11028,1.3034953377937965e-06,2.793502211653162e-07,0.9999984171544409
id14180,0.9993345729784807,0.0006518327249872115,1.359429653225878e-05
id25860,0.9998491872224573,3.652613388219784e-05,0.00011428664366037124
id11910,0.030431910136755093,1.4598108471846858e-05,0.969553491754773
id08065,4.490781035341886e-05,0.000977526066469967,0.9989775661231767
id22674,1.1939671731884308e-05,6.725446777120197e-05,0.9999208058604969
id25018,0.3491387838218968,1.6599475375899962e-07,0.6508610501833495
id10892,0.0002430993753457348,0.9997258408326107,3.105979204363541e-05
id10217,0.5271381134137029,0.4724974621356185,0.00036442445067870336
id12996,0.06502287342887403,0.03597015788312993,0.899006968687996
id18262,0.8995818777046467,0.0009212872281733996,0.0994968350671799
id08606,0.0109838089592472,0.9889636272383584,5.256380239442944e-05
id17233,0.9988655991256806,0.0005259623216642476,0.000608438552655053
id00101,0.60651442993189,0.3887719327694175,0.004713637298692509
id12225,0.9020562960209875,0.04331106679317051,0.05463263718584213
id01364,8.229601573895047e-05,0.999788288200372,0.000129415783888969
id24973,0.7357876166625502,4.88461011123332e-07,0.2642118948764386
id25363,0.0034849185054077344,2.172093228327626e-05,0.9964933605623091
id10061,0.054847183270404394,7.380306281999626e-05,0.9450790136667756
id17673,0.02028013067695758,0.038664889889408374,0.941054979433634
id13249,0.000783080926673045,0.018773779933533467,0.9804431391397935
id10107,0.01619173240672625,1.9238375279878605e-05,0.9837890292179939
id04403,0.979028543409705,2.4054615858966838e-05,0.02094740197443596
id25728,0.9375168848338246,0.014257863501630962,0.04822525166454455
id16184,1.1785165503508438e-05,0.014107824992923602,0.9858803898415729
id03438,0.034048770502338004,4.370124855582594e-06,0.9659468593728064
id22923,0.01314099449182198,0.9867752778099548,8.372769822323421e-05
id08610,0.9993172101762392,0.0006368893574796499,4.590046628114792e-05
id25355,0.0015493285311138226,2.667334467098054e-05,0.9984239981242152
id16916,0.6265772902248476,0.37341802736205626,4.682413096185227e-06
id12793,0.0016983018263118893,0.9528916075368089,0.04541009063687912
id11859,0.6420784118920622,3.481709162401494e-05,0.35788677101631383
id02434,0.9990906080315078,1.0777833335289489e-05,0.0008986141351568284
id27703,3.434783356389704e-07,6.606741974856216e-06,0.9999930497796896
id25212,3.0089679912421262e-05,0.9878431584983038,0.012126751821783723
id11308,1.4979523391648867e-05,0.0004636721914790532,0.9995213482851293
id26094,0.9991313379842288,0.0007485901334369986,0.00012007188233408468
id22080,0.5331795130679821,0.4668177438409737,2.743091044416622e-06
id03545,0.9574844714600673,0.0424011054125896,0.00011442312734284483
id23725,9.152044170357808e-06,0.00017097378701597959,0.9998198741688136
id12009,0.969300812055794,0.029319746133543857,0.0013794418106621638
id24241,2.1566875135471712e-05,0.9530146016255736,0.04696383149929092
id03596,3.8514698623400894e-05,0.9999461253732658,1.5359928110890455e-05
id10749,0.00014205886855443551,0.9855156280200901,0.01434231311135561
id22794,2.5259527139688968e-06,0.0006013371842040152,0.999396136863082
id15482,0.0003726579722531172,0.15801875461791026,0.8416085874098367
id04833,0.8138648042319777,0.1571897232675265,0.028945472500495777
id00397,0.0013617918565900294,1.312399569940667e-07,0.9986380769034529
id14691,0.0008376710693335261,0.18216007989916191,0.8170022490315045
id05193,0.022741103113296756,3.4767405270699648e-06,0.9772554201461762
id19541,0.9998915032434457,0.00010498000939143518,3.5167471628033374e-06
id22166,7.101211888858596e-07,1.218509727519364e-05,0.999987104781536
id20744,5.513655954266973e-07,5.331453882376485e-08,0.9999993953198658
id10392,3.888115076556684e-09,0.0031250477859564186,0.9968749483259286
id00770,0.9997701395824553,1.2415892046949741e-05,0.00021744452549775554
id06018,0.4496279997766339,0.5503677881332333,4.2120901326617725e-06
id15678,0.8052098513050734,0.005022729235740355,0.1897674194591863
id08305,0.961150839526861,0.03883574408999383,1.3416383145239546e-05
id08903,0.23926626888637076,2.4794097534072853e-05,0.7607089370160952
id14752,0.42933393337754283,0.5705560269617808,0.00011003966067631006
id12468,0.24680909041954543,0.7531742628593734,1.664672108123836e-05
id05085,0.45397893601119876,0.5365287387498356,0.00949232523896554
id21993,0.21855732820231175,4.852434690520512e-07,0.7814421865542193
id15503,0.9882761746007096,0.011382614858733393,0.0003412105405568968
id03021,1.2336051368998416e-06,0.9053289040842334,0.0946698623106298
id16123,0.9997078269914627,0.0002080279442567238,8.414506428058381e-05
id19383,0.9918676346084567,0.007594850411345142,0.0005375149801981632
id04186,0.9932551853810595,2.1697759508373719e-07,0.006744597641345424
id17954,1.4710976431007726e-07,3.14260126302024e-05,0.9999684268776055
id12030,0.005596352860098188,2.6354664787100862e-08,0.9944036207852371
id13020,0.9929132385420181,0.0069949626670341505,9.179879094777909e-05
id25327,3.0591779051853364e-06,0.885207731112637,0.11478920970945793
id16344,0.0035321656555684536,0.00017256460423325165,0.9962952697401983
id12303,0.04719472385457758,0.9527930698630406,1.2206282381699732e-05
id15017,0.9995636000266676,0.0004358578494198831,5.42123912579928e-07
id22308,0.0020901626384564236,0.009026814612367996,0.9888830227491755
id06536,0.0013432375985826348,0.02321026670425507,0.9754464956971624
id19797,0.0002145656915323118,0.9990269212349523,0.0007585130735154397
id06332,0.34408523886596587,0.016633651348677288,0.6392811097853569
id22941,0.00032004122336813846,0.005163838451228098,0.9945161203254037
id13547,7.263433050570613e-07,0.061388234663693676,0.9386110389930012
id06928,0.13040640933126285,7.155995364826699e-06,0.8695864346733723
id12521,0.8185738608967451,0.14926934698360558,0.032156792119649315
id25716,0.5185244090909654,0.00013039989585318323,0.4813451910131814
id27116,4.375958342258513e-07,1.566791195340158e-09,0.9999995608373746
id19941,0.0022175631902385134,0.9977230894798281,5.934732993329489e-05
id05711,1.3806807040599483e-07,1.071426157159529e-06,0.9999987905057726
id02097,1.5657250535433087e-05,0.006299105294893277,0.9936852374545713
id03563,2.452512128641995e-07,0.9998372572240041,0.00016249752478313142
id02295,0.00018442519941984538,0.9977919669952496,0.002023607805330601
id08179,0.9999074838853614,2.566789804960329e-07,9.22594356580237e-05
id05332,0.3575207272279579,0.6423779873740503,0.00010128539799169715
id15697,0.6567213431157456,0.0011929748218167662,0.34208568206243767
id17026,0.004348201167150788,0.0004504325921185928,0.9952013662407306
id04243,0.9874748587421629,0.012419292336043917,0.00010584892179309158
id13175,0.9971148988796469,0.0026159851604778107,0.0002691159598753423
id05387,0.9848638555984367,0.0048892725333862,0.010246871868177103
id19989,0.9906788882504278,0.006582315063979446,0.0027387966855927865
id25173,1.2753452837115116e-05,0.011137121710851723,0.9888501248363111
id08925,0.005584784552417322,0.9943910771616719,2.4138285910835017e-05
id03034,0.00013768056212244052,0.988023688093418,0.011838631344459423
id13272,1.7744879535910904e-05,0.9980173353166056,0.0019649198038585013
id07956,0.9384764713201048,3.6552306454661466e-06,0.06151987344924969
id02648,1.6511074840119956e-08,0.0011988377018237173,0.9988011457871014
id01778,0.01498878035931673,0.00011480510922360479,0.9848964145314597
id12846,0.00038644032139390096,2.6475052533162e-06,0.9996109121733529
id19001,0.051744801159036076,0.0017964304980952603,0.9464587683428687
id05763,0.9992292448796009,0.00015010830542455718,0.0006206468149746432
id15590,7.055273073692233e-06,2.4989372373688793e-07,0.9999926948332025
id04912,0.3542308148023443,0.6434415833745885,0.002327601823067144
id21201,0.8959869342478343,0.06048932153243582,0.04352374421972981
id13215,0.9643006508284736,1.6562066835665597e-09,0.03569934751531984
id15612,6.893781300263468e-05,0.9962026964910189,0.003728365695978326
id18501,0.23051521678897652,0.0021847223460217946,0.7673000608650016
id07223,0.9929310718398062,0.006618448747927202,0.00045047941226654636
id06707,0.0018660666448680288,0.4042885731767291,0.5938453601784028
id05238,1.4423405879295192e-07,0.9999897651683756,1.0090597565758938e-05
id00935,1.8106188439068067e-06,0.4731376149497481,0.526860574431408
id00110,0.006067203164814433,0.000931984074895215,0.9930008127602904
id17476,0.6491669025150485,0.35082919546833385,3.902016617754049e-06
id15170,0.9986692425513631,0.0013161763834976042,1.4581065139238097e-05
id13397,0.0016270773517113133,0.0012099172356151615,0.9971630054126736
id24283,0.9761474640567906,0.023804167479919584,4.836846328965753e-05
id15234,0.9561093090323763,0.04388926505616227,1.425911461383158e-06
id16884,0.7777886044809529,0.10247505795334873,0.11973633756569829
id07831,0.21332871232300535,0.2260542571174722,0.5606170305595225
id16038,0.9924787983179223,0.007491082222258987,3.0119459818717842e-05
id03629,0.999663791686175,0.00012910550007241747,0.0002071028137525834
id21019,0.9876511730977834,0.004873549839629996,0.007475277062586687
id21835,0.013555887939990718,0.03706493314998161,0.9493791789100278
id04480,0.07916835779144175,0.9208302442913837,1.3979171746607001e-06
id20838,0.8114391888895207,0.18408476510712052,0.004476046003358821
id24195,0.6226610131493131,0.23883279149837347,0.13850619535231334
id05448,0.48346201852579235,0.5164985247038333,3.945677037424833e-05
id15957,0.0034181926161042796,0.9965153300903624,6.647729353340721e-05
id19956,1.7842904061153533e-06,1.0472622979974544e-07,0.9999981109833641
id15104,5.789913089866584e-05,0.0010046117924485166,0.9989374890766528
id17559,0.9430953300756001,0.007983919875590134,0.04892075004880981
id16839,0.018211998470565448,0.09123455426530194,0.8905534472641327
id14493,0.9136663169398257,0.00032967706041140776,0.08600400599976286
id08833,0.6170787214879935,1.1203355537883331e-06,0.3829201581764528
id15723,0.0018911474140113221,1.2372095955704608e-06,0.998107615376393
id02716,0.9984779564959785,5.0161930937943684e-06,0.0015170273109276911
id06689,0.003966605264504906,0.9944011785551182,0.00163221618037688
id18837,0.006406252804741936,0.00015230216589208028,0.9934414450293659
id04466,0.5209247704199503,0.47906702209248564,8.207487564009153e-06
id00686,0.9594012325118113,0.0006391304856836735,0.03995963700250506
id09010,0.3805894437426779,0.6194034293960388,7.126861283225645e-06
id23353,0.9999903291371375,9.396507879666309e-09,9.66146635473973e-06
id00066,0.9793414169923995,0.020649069518317315,9.513489283054165e-06
id15724,0.5056926742532138,0.48522729439909645,0.009080031347689813
id23486,0.011409107509676273,3.0200578722363897e-08,0.9885908622897449
id22258,4.236485661067021e-06,6.13039936461544e-05,0.9999344595206928
id02292,0.23161734485716515,0.7548567248840269,0.01352593025880806
id16356,0.5899153643302588,2.9752240383784163e-06,0.41008166044570277
id00235,0.36789215037133255,1.4288981545906495e-05,0.6320935606471215
id25522,0.002392069769890348,0.0002451180439250805,0.9973628121861846
id04204,0.23992916744150464,0.7600702692674076,5.63291087686543e-07
id22016,0.587028610345801,1.6303036600214155e-05,0.41295508661759883
id06480,1.932115831960472e-06,0.9989560783336793,0.0010419895504886684
id08718,0.03846743018919662,6.876876616961625e-07,0.9615318821231417
id05251,6.341315328848589e-06,0.9997007825487761,0.0002928761358949966
id03359,0.23284044955480374,0.0011431226188687918,0.7660164278263275
id16117,0.002433154816851253,9.57648313164826e-07,0.9975658875348355
id17000,7.746740904196998e-05,0.999878493300603,4.403929035492204e-05
id01730,0.0005749979811229404,0.9965627456257695,0.0028622563931075254
id00630,0.991436306054463,0.008560021673781034,3.6722717557870305e-06
id18175,0.007774508553025671,0.001423853678126691,0.9908016377688478
id00907,0.9551601985263514,0.003682734340861054,0.04115706713278745
id18251,0.0022893900663352776,0.9975192735619958,0.00019133637166887706
id25861,0.054522396144060264,0.9449667159247247,0.0005108879312151267
id00398,0.9578294798294809,0.0411244136617926,0.0010461065087265142
id27573,0.992130394807535,2.445435297010106e-07,0.007869360648935318
id10022,2.0917580035982573e-05,0.6569928896983632,0.34298619272160075
id15901,0.035355231907628466,1.7111320066889718e-06,0.9646430569603648
id00451,0.000352771283285696,0.06301409525705973,0.9366331334596546
id23129,0.00013717641984296118,0.9997830885601976,7.973501995952953e-05
id26498,0.05656166470221096,0.0017583536076282616,0.9416799816901608
id14741,0.059754643768606154,0.9333295635260695,0.006915792705324264
id18453,0.09217054342812402,5.908448581903431e-05,0.9077703720860569
id08309,0.7687064379126716,0.23129200732806734,1.5547592610603215e-06
id00320,0.9980164279551809,0.0015250819901699395,0.00045849005464925196
id07688,0.38584813674829543,0.557117090178736,0.05703477307296867
id01556,4.535753942570886e-05,5.528281676903436e-08,0.9999545871777575
id00178,0.07697001158754183,0.01818733873223449,0.9048426496802237
id18902,3.148012075550241e-05,0.3139529829487569,0.6860155369304877
id27002,0.41179766578666266,0.5882013604749939,9.737383434074175e-07
id21418,0.9997028884916069,0.00026283927025024683,3.427223814279001e-05
id23018,0.0002632333917073117,0.02259482384966947,0.9771419427586233
id07032,0.04484461734508152,0.004698785572066654,0.9504565970828519
id16195,0.9589496848875514,0.0008064848463004037,0.040243830266148216
id11202,2.4840892787170733e-05,0.9623819427377126,0.03759321636950028
id09578,0.8403799364711118,6.423497703539855e-08,0.1596199992939112
id26984,0.7347282579846706,1.968126445810212e-07,0.2652715452026848
id19856,0.04029960052286024,0.9596970991726759,3.3003044638836474e-06
id12086,0.5992396358335345,4.2792840056696805e-05,0.40071757132640884
id12052,0.007769786681418582,6.700506608122755e-07,0.9922295432679206
id17728,2.075781103936668e-05,3.1072382680202824e-05,0.9999481698062803
id24608,0.014128040290334126,0.0049748569104043645,0.9808971027992615
id21097,0.013764626377499613,0.04531874247780623,0.9409166311446941
id20179,1.5709954502963333e-07,0.0015133855500587554,0.9984864573503962
id15144,0.987841151645133,0.006588122947561834,0.005570725407305236
id00206,0.9999833328626455,1.014147851624633e-06,1.5652989502918468e-05
id22285,0.00015652136012670487,1.4635120812669327e-05,0.9998288435190607
id06417,0.17231539798923562,0.8078204157010958,0.01986418630966867
id00215,0.0022681015600071845,0.9977142197843174,1.7678655675348823e-05
id04201,0.16567626475898892,4.283133722689579e-06,0.8343194521072885
id21771,0.9979946364572381,0.0019780846128566493,2.7278929905271348e-05
id12451,8.55621154729144e-05,0.15830802937189228,0.8416064085126348
id14250,5.879412089981718e-06,0.6624142413774301,0.33757987921047994
id03433,0.2041337667774149,0.7956305177128584,0.00023571550972668515
id03303,9.037478150717535e-06,1.1465478661616671e-05,0.9999794970431877
id25901,0.00023111773917969795,0.9049626327882598,0.09480624947256042
id06945,0.9376185583960392,0.0005545334816774148,0.06182690812228333
id05664,0.9947924884984966,0.0048539207406934435,0.00035359076081003583
id05741,0.9999682007581365,5.077004883429915e-07,3.129154137522277e-05
id10652,0.9958102663035556,0.004137033886507371,5.2699809937036796e-05
id16300,0.8907996353148067,0.0829689204914486,0.02623144419374464
id12319,0.9917392642726978,0.0012989037445024327,0.006961831982799772
id07500,0.00019733985715701574,0.9993225072503754,0.00048015289246741607
id12478,0.05695304411798101,0.006398932737358795,0.9366480231446602
id03076,0.0005281929524296627,5.630163961804489e-06,0.9994661768836086
id00969,0.2542979348552813,0.09059706273419414,0.6551050024105247
id23636,3.721749227496674e-05,0.9862155425608651,0.013747239946859877
id09791,8.704967036114882e-05,0.3567765271586385,0.6431364231710003
id05680,0.0005024050942100867,0.982436224269217,0.01706137063657303
id03672,1.6794682844734484e-05,0.7295613358033933,0.27042186951376196
id04286,9.329343024218186e-07,0.9627516108425339,0.037247456223163646
id23883,2.1676038075011636e-05,0.003670637213015135,0.9963076867489099
id11914,0.0011502278639370356,0.00022968933212967808,0.9986200828039333
id20974,8.89979474794637e-05,0.9999051894058527,5.8126466678430706e-06
id26125,0.7756334410768444,0.20618329182871326,0.01818326709444236
id15543,0.014794079503056824,4.1759203471061564e-05,0.9851641612934721
id19471,0.9996083426567867,7.215946810474003e-05,0.00031949787510863857
id11503,0.2765642319598916,0.7041894271628224,0.019246340877286088
id09321,1.9882941178950395e-08,0.9304142925858135,0.06958568753124521
id25560,2.763823093683533e-12,6.131564040281629e-05,0.9999386843568332
id06726,0.0002375448053549534,0.4562368348997078,0.5435256202949373
id05709,0.9379218641212876,1.0087013270327423e-05,0.062068048865442045
id09788,0.00101302242402747,0.4071335326706373,0.5918534449053351
id05289,0.9992895516940536,0.0007090912211717353,1.3570847746827324e-06
id11815,0.00029382344646941815,0.9994990710472282,0.00020710550630254973
id22422,0.5585509798339003,5.467788543644432e-05,0.44139434228066327
id25954,0.6112451654317755,0.003590629357215467,0.385164205211009
id13601,0.9875576997297123,0.00010891352620779472,0.012333386744079942
id05677,0.9850509268698551,0.014453697282887095,0.0004953758472579446
id10498,0.39501042576966927,0.6049823468278589,7.227402471759391e-06
id02665,0.5834151524105001,0.41653368463152185,5.116295797806061e-05
id10114,0.000704719886024361,0.9613902812965583,0.03790499881741728
id26314,0.9835311650700267,0.0164612505347447,7.584395228733595e-06
id21240,0.3961075886138317,0.236778663040765,0.3671137483454033
id15569,0.9997452127038655,1.5420115655342664e-06,0.00025324528456903737
id25928,0.001798068172396171,0.03822073816804489,0.959981193659559
id22706,8.54347728056308e-05,0.9997639698240399,0.00015059540315439973
id20877,2.2366824075634577e-08,0.9942207011637292,0.005779276469446846
id04318,0.9950160326107915,0.0049827785870631405,1.188802145315308e-06
id18299,0.016994854420088478,0.24169997146313207,0.7413051741167793
id08126,0.00015864640253038904,1.058838421936143e-05,0.9998307652132502
id14293,0.4114654686172412,2.5277697622562096e-05,0.5885092536851362
id12759,0.809775468465414,7.78007667425993e-07,0.19022375352691845
id11983,0.00018006380619770237,0.028113337071218568,0.9717065991225837
id05580,0.1385010890338179,0.725688704897421,0.1358102060687612
id25846,0.3013711991371726,0.6731480905599967,0.0254807103028308
id01939,0.7739849137819803,2.6513478941542328e-05,0.22598857273907816
id26327,0.0009091366570847587,0.4199066106078509,0.5791842527350644
id11068,4.0878600213528265e-06,1.979759081310186e-07,0.9999957141640705
id08404,0.9994637624859666,0.00027578650769608665,0.0002604510063373937
id27189,0.3178708324875076,0.682069193283225,5.997422926745239e-05
id15119,9.62131570071147e-07,0.9910285654055292,0.008970472462900782
id26525,0.9994228860982611,6.168618315643219e-08,0.0005770522155557348
id03618,0.4074411739902717,0.5906191681098008,0.0019396578999276368
id27220,0.9983784316210335,0.0003431740922710394,0.0012783942866955928
id18777,0.000724217752178443,2.5765610481477475e-05,0.9992500166373401
id20213,0.9991219924170494,0.0004214166377677871,0.00045659094518294373
id20403,0.911355713689774,0.055424834392612095,0.03321945191761403
id03777,0.44861004121374265,0.019225814879161498,0.5321641439070958
id10595,0.6781599525703146,0.31849093990162997,0.0033491075280553464
id13816,0.5900359214239087,0.007151117529239772,0.40281296104685155
id05667,1.2665403444876983e-05,2.12999630291773e-06,0.9999852046002523
id24629,0.9977185294999944,0.0007036988266900981,0.0015777716733156786
id20398,0.0036491180647770086,0.09305528334967532,0.9032955985855478
id14108,7.323168874360054e-06,2.357832608655709e-06,0.9999903189985169
id06196,0.00017835879783955437,0.9997471807838624,7.446041829798242e-05
id02800,0.002681943438226772,0.9941178460816318,0.0032002104801414836
id18732,1.7680799176453137e-05,0.9972409732916032,0.0027413459092203497
id11915,0.00017263584401831187,0.9747262444267716,0.02510111972921019
id09739,0.9774790780712354,0.004584563008383578,0.01793635892038121
id24672,0.996432336426049,1.812806582655611e-05,0.0035495355081244235
id00414,6.808439836623029e-09,0.001232538695311315,0.9987674544962489
id16307,0.8608768267096493,0.1390952106748654,2.7962615485319053e-05
id14043,0.002783746494960107,1.4581224491451032e-06,0.9972147953825907
id00517,6.416346585032727e-08,6.0066826093013205e-06,0.9999939291539247
id09744,0.9991747703673445,7.787467907768279e-05,0.0007473549535778656
id19257,0.9995878899559621,0.0002742078406774666,0.0001379022033603245
id15437,0.607639090246209,0.3923255708389728,3.533891481806848e-05
id16352,0.00010197738220255402,0.006984553633217054,0.9929134689845803
id18849,0.1344434846378749,0.000274307475680054,0.865282207886445
id19434,1.658791939340226e-05,0.9999817332655713,1.6788150353702037e-06
id17928,0.017741604717545937,0.005442616052638938,0.9768157792298151
id16896,0.036448883340295814,0.002347828832259662,0.9612032878274445
id02135,5.274879012663649e-06,0.018433478290138524,0.9815612468308488
id15075,0.9924565247317026,0.007507186582423631,3.6288685873777114e-05
id27486,0.011490258558551951,0.9879929333369445,0.0005168081045036087
id19422,0.9997711503154452,0.00012465322156121711,0.0001041964629935905
id09603,0.0023945175326086786,0.9730276579814564,0.024577824485934895
id02133,0.013026083391239082,0.976592254167946,0.010381662440814841
id03441,0.5046276973920126,1.3072559446469608e-08,0.4953722895354279
id02398,3.859222501708329e-06,0.9991533674978613,0.0008427732796368727
id05152,2.4449590348071076e-05,1.4080183347984886e-06,0.9999741423913171
id17838,0.06427569448942395,0.00015310590146789123,0.9355711996091081
id25060,0.6037306410912711,0.39622779606531083,4.156284341814543e-05
id09998,0.06364112789991686,0.0005757583613536558,0.9357831137387295
id01828,6.036237367755002e-06,0.813916800054157,0.18607716370847535
id25377,0.6497818509660495,0.00013306957278081294,0.3500850794611698
id22175,0.008925796058403913,0.9910364094067758,3.779453482023126e-05
id02974,0.000126634106666018,0.00061271094632176,0.9992606549470122
id26955,0.9987434299790618,0.0012565686187415545,1.4021965395926957e-09
id21091,0.9785958051590831,5.958240077382438e-05,0.02134461244014306
id12802,0.9732710275702067,0.024562489223932595,0.0021664832058608686
id07432,9.439334174207742e-07,0.9984182198342014,0.001580836232381312
id18749,3.9247731453052714e-05,0.9874254350411736,0.012535317227373288
id15030,8.161521111552165e-07,0.00023479516726207506,0.9997643886806268
id17155,0.02081442656166771,0.9788366336812248,0.0003489397571076995
id08128,1.2657377758353257e-05,0.999287200273584,0.000700142348657659
id25706,1.907568790164181e-08,0.5354139317969192,0.464586049127393
id15645,0.9999980121365012,1.2810637874343832e-06,7.067997114807751e-07
id04943,0.8326925199446191,0.16408348523807906,0.0032239948173019327
id27566,0.002080980424947441,0.00016213616716688698,0.9977568834078856
id11765,0.0026780917453505713,0.002862800693333386,0.9944591075613161
id13783,0.615742516251586,0.38367605214425615,0.0005814316041577281
id00492,8.610004531368103e-06,7.308428520618897e-05,0.9999183057102624
id27636,0.014230500955965253,0.006735747378973682,0.979033751665061
id04273,0.9878340203895973,0.004955851439886492,0.00721012817051618
id02537,8.707003967144189e-05,0.0022469952832055618,0.9976659346771231
id24349,0.45730197943778633,0.5426852255766917,1.2794985521863578e-05
id00023,1.3096814251573983e-07,0.996674108265998,0.003325760765859548
id23025,0.2743997412798249,0.4548388233065239,0.27076143541365105
id08722,0.9997117294648081,4.422981259786525e-06,0.00028384755393214635
id02420,0.998653229539969,0.0013467232064373756,4.7253593603209584e-08
id10811,0.9985699104484049,0.00028058478017267913,0.0011495047714223576
id04019,1.0357614726090024e-06,0.001482520710156006,0.9985164435283713
id18334,0.9998590783728838,0.00013242984913755488,8.49177797866211e-06
id16781,0.21924158478531347,0.7802593720652228,0.0004990431494638302
id08773,0.8921723623975139,0.10152286304387284,0.00630477455861329
id19214,0.9849597992705736,0.0009021390490558935,0.014138061680370453
id09589,4.016392201779674e-05,0.6497055283685624,0.3502543077094198
id24246,0.9931493308941561,0.006495537375228615,0.0003551317306152784
id23577,0.7581678302525755,0.24183212101182328,4.873560129630877e-08
id09305,0.9794536703712677,1.6570217479450155e-05,0.02052975941125281
id16460,0.010463754410725999,0.007134510719889204,0.9824017348693848
id21115,0.34957950702226886,0.21482021019476988,0.4356002827829613
id25996,0.011711787751280796,0.004211004469815393,0.9840772077789038
id02551,0.0003145427759934289,0.005045900819008839,0.9946395564049978
id19352,2.9141221963765945e-06,2.6858183182518385e-05,0.9999702276946211
id03806,0.000205266456291104,2.8183646852968436e-06,0.9997919151790237
id26544,0.9999816470954827,4.705937438784702e-06,1.3646967078542244e-05
id18761,0.9860735989738517,0.0002846340396007842,0.013641766986547586
id24148,0.01092598984034695,0.9888095840974999,0.000264426062152998
id16095,0.0004425873135958217,0.8674460989635863,0.13211131372281779
id18442,0.8314942249628328,0.15872730335448787,0.009778471682679353
id22596,8.18070142102841e-10,5.597100618577233e-09,0.9999999935848292
id23002,0.00010901739716480384,9.481741482598012e-05,0.9997961651880092
id04797,0.9998135553627725,4.618964108960156e-05,0.00014025499613795536
id06610,0.0017641180954465847,3.6278460527723306e-06,0.9982322540585006
id16173,0.0004563169595160494,0.8891459851542848,0.11039769788619906
id18292,0.0003427740744945026,0.04605122041099011,0.9536060055145154
id27328,0.9962987826362917,2.578811884196007e-06,0.0036986385518240844
id01695,4.217783615383009e-05,0.9180137941299464,0.08194402803389982
id05761,0.21570505360520492,0.001127102867509426,0.7831678435272857
id16354,0.9940019571664145,1.3991992867337739e-05,0.005984050840718128
id12207,0.00035687316029964493,0.4281624987919214,0.571480628047779
id05665,0.058258493810179834,0.0010740408536731188,0.9406674653361471
id01911,0.9845308580841465,0.015203856744723344,0.00026528517113008117
id19153,0.0062320716263338525,3.6384964917792046e-05,0.9937315434087484
id10295,0.04794109866663017,0.003127729416144836,0.9489311719172251
id23038,0.08823328671959717,0.8836638723375019,0.028102840942900945
id23783,0.10376198903631492,0.8961501901715857,8.782079209948368e-05
id27879,0.9847446922406813,0.015251010182848133,4.2975764705153735e-06
id19190,0.0006448862601120979,0.9993454171582173,9.6965816705771e-06
id05065,0.6425693634568369,0.048997709895956046,0.30843292664720695
id21296,0.003300552545059474,0.9837862208507531,0.012913226604187415
id13262,0.0024439657420945666,0.017644272446169357,0.9799117618117361
id10333,0.9984895638889203,0.0007367752577828949,0.0007736608532965983
id16677,0.9241961879647314,0.010973017524233656,0.06483079451103492
id01392,0.0017997537739100635,0.04590185263478567,0.9522983935913043
id27874,0.9999917497659543,8.234713774526388e-06,1.552027123615511e-08
id02294,7.156300546998812e-08,0.5781264873970062,0.42187344103998825
id18298,2.1667340957209664e-07,0.0011871022473435662,0.9988126810792468
id06997,0.9997587947319027,8.435264982812116e-05,0.00015685261826904595
id05243,0.026058387612030446,0.29802559029087927,0.6759160220970902
id00860,0.00022878590158139704,0.9883619544029596,0.011409259695459055
id26681,0.9474751806377102,0.052524811521070434,7.841219370114343e-09
id06020,0.003585945596912371,1.3853918610237733e-07,0.9964139158639015
id27683,0.989798064198513,0.003106528729647474,0.007095407071839579
id17655,0.0009631192582769173,0.9986789418940109,0.00035793884771225784
id08817,3.339159309998742e-05,0.05485195185356627,0.9451146565533338
id11512,3.948054011266027e-08,0.0003605303040819487,0.9996394302153779
id00478,0.029244335662375585,0.004418559062350674,0.9663371052752737
id02116,0.9808009191311746,0.014315384582379534,0.004883696286445838
id06746,0.8863030871927381,0.11058539350551869,0.003111519301743273
id03863,0.08267600899213362,0.9165443501166928,0.0007796408911735475
id01802,0.0010103287827108363,0.014883857515567943,0.9841058137017212
id11682,0.68568972504833,1.6680094877904554e-05,0.3142935948567921
id04033,4.36309286184087e-05,0.9943619489660118,0.005594420105369513
id09286,6.563277000534684e-05,0.7528117442555569,0.24712262297443785
id12904,0.9996773294242904,0.00023322264940373987,8.944792630592609e-05
id07420,7.693650753713982e-10,1.9880957909774786e-05,0.999980118272725
id22398,6.672976884513988e-06,0.9998459239834003,0.00014740303971522793
id00424,0.00876948242726059,0.0001480048266386952,0.9910825127461007
id20960,0.9991633411032841,0.0007969998919070585,3.9659004808773145e-05
id10267,0.9013567991186424,0.0426547114352689,0.05598848944608863
id19330,0.386443395025973,0.0008363520831098617,0.6127202528909172
id00994,1.981463874836472e-07,0.8017925695523186,0.19820723230129386
id10785,0.6023780760064523,0.39606974744053863,0.0015521765530092132
id00955,0.00031537528712078175,0.9937745616077958,0.005910063105083483
id09757,3.844010136113519e-05,0.9998351891254411,0.0001263707731977354
id10030,3.9974773463967516e-05,0.2568699346864838,0.7430900905400523
id22952,5.33723587746919e-05,0.03258465627301201,0.9673619713682132
id21955,2.3076167190231706e-09,0.083580778990778,0.9164192187016053
id07674,0.7672815544799086,0.22945860459221107,0.0032598409278801646
id13760,0.0013513334779527088,0.9973002104205696,0.00134845610147765
id18166,0.9949931321955298,9.678197993460204e-06,0.0049971896064769095
id23498,0.9633625242103099,0.034615321163470686,0.002022154626219426
id05296,0.9996706465549551,8.283710341637756e-05,0.00024651634162838596
id26709,0.971846210280045,0.005793592821734893,0.022360196898220056
id02853,0.9996438098054778,0.00034074123703343133,1.5448957488691606e-05
id06800,0.012653912562563742,0.0015522059707914967,0.9857938814666447
id14758,0.6947302246922711,0.3052663069356887,3.4683720403086096e-06
id12356,0.9996501098759772,7.509373170490055e-05,0.00027479639231786006
id21492,0.9974112591172543,0.002476653409769127,0.00011208747297652634
id27540,0.9358140976198858,0.002880622841201249,0.061305279538912925
id07376,0.0004325789188259019,0.03536653801445194,0.9642008830667221
id15201,0.7405460785531044,0.22801724756097416,0.03143667388592131
id23388,7.885579461456948e-06,0.9944680622589747,0.0055240521615638315
id13923,6.911764081756276e-05,0.9984677345881244,0.0014631477710579511
id00794,3.3614934368497894e-06,0.6293888496138087,0.3706077888927544
id23910,0.14894582369942017,1.4885413947446105e-07,0.8510540274464403
id02556,4.603647038960254e-06,0.003139470557934748,0.9968559257950264
id22151,0.046266943965968484,0.9535929112360021,0.00014014479802931378
id11698,0.0007639710902277704,0.966748322326815,0.03248770658295734
id11627,0.24293507423819452,0.0012811848778663114,0.7557837408839392
id06340,0.998221804558872,0.0007035596814061668,0.0010746357597219598
id05123,0.9989296428176081,8.763042739745487e-09,0.0010703484193492214
id26620,1.0034715958902198e-05,1.1704297098967505e-06,0.9999887948543311
id04002,0.004311645178450427,0.0018086776539112783,0.9938796771676383
id26554,2.5688989651470365e-06,0.5607979473102641,0.43919948379077073
id18012,0.3599020824914812,0.0008954333270553338,0.6392024841814635
id12964,0.004729347703396691,0.003412231706329718,0.9918584205902736
id18965,2.791371440881992e-08,0.4672785522182798,0.5327214198680058
id19082,0.016795155042243114,0.00022166415480880374,0.9829831808029481
id26742,0.0011564461701496752,6.975904477067921e-08,0.9988434840708055
id15442,0.5942377741375866,0.4057620392263518,1.8663606159481368e-07
id16647,0.7729556831323164,1.158554904458281e-05,0.2270327313186389
id11544,0.0032728904220640327,0.00026288753483652626,0.9964642220430994
id20581,0.12225428497774987,0.0011377241831243938,0.8766079908391258
id13192,0.01432276658384772,0.9822517649000655,0.0034254685160868
id15814,0.00014967214730944893,0.2318564853801174,0.7679938424725732
id26279,0.013051981245926603,0.9869019086539774,4.611010009595282e-05
id00240,0.997774448663192,0.000936107979049692,0.0012894433577582956
id22836,0.9623541256724741,3.995449473317024e-06,0.03764187887805241
id15085,2.999692308966413e-07,0.9864197726769626,0.013579927353806467
id17495,0.8634053565369635,0.0012278314404769559,0.1353668120225596
id26762,0.8909097274515858,4.272039792597078e-05,0.10904755215048825
id13685,0.9998337860348683,6.176360695598741e-06,0.0001600376044361879
id16560,0.00036933141776340815,0.999570498224889,6.017035734756539e-05
id17184,5.4002854519034914e-08,0.9999513678872235,4.857810992194611e-05
id21635,0.9984508942068661,1.9112411468205034e-06,0.0015471945519871307
id26751,0.34503112330983265,0.6545051820697535,0.0004636946204137526
id12351,0.9899881610677986,0.00015694395715939736,0.009854894975041955
id14872,0.054517030112628394,0.9448446378114675,0.0006383320759040457
id18372,0.9953028045331268,6.655093645902574e-05,0.0046306445304140275
id26851,0.9763416096635651,0.003755650306453016,0.019902740029981932
id22659,0.8780799658567563,0.1219198573472043,1.767960393954623e-07
id04102,0.0001795345236569189,8.715422758898712e-08,0.9998203783221155
id02353,7.507496779820154e-06,0.8057751467579851,0.1942173457452351
id26721,0.9994431399415489,0.0005294400554242376,2.7420003027004274e-05
id11171,0.6005605485289531,0.006686039536064278,0.3927534119349826
id13562,0.997522802506793,0.0015535265195098776,0.0009236709736970989
id26425,0.2216963092690035,0.012489835955666854,0.7658138547753297
id26394,0.49553209431262624,0.20685052794670136,0.29761737774067243
id22187,0.1807234935928349,0.33265244727449367,0.4866240591326715
id00422,0.998473590053446,0.0015234698020459225,2.9401445079425467e-06
id22667,3.3400990884405334e-06,0.9999952530383003,1.4068626113281326e-06
id00911,0.999998480710394,5.44220273764297e-07,9.750693322159014e-07
id17291,0.07810526453968403,5.450860480427578e-05,0.9218402268555117
id01915,0.00011964928306739752,0.19623713327029962,0.8036432174466329
id01434,0.5938901036527381,2.1801165435707492e-05,0.4060880951818262
id01584,0.9251495528402089,0.00037000018830344325,0.07448044697148763
id09266,0.9396674768403266,0.0003227638635900891,0.06000975929608329
id17494,3.789929796449978e-06,0.9995009439212166,0.0004952661489870152
id24919,0.3274785609123202,0.00905728825718739,0.6634641508304925
id21043,0.20431481475908805,4.7149520090374044e-07,0.7956847137457111
id17796,0.011014326427483538,0.9888915216443223,9.415192819426356e-05
id02166,0.04196469184795073,6.5894592453297665e-06,0.958028718692804
id17503,0.9105402216845068,4.799945463054042e-05,0.08941177886086277
id21203,0.40048676853436577,0.00014831393704287617,0.5993649175285913
id25626,0.9984064169735594,0.0015915782189079766,2.0048075326901477e-06
id09836,0.999656487395334,0.00034068224518804215,2.8303594779917095e-06
id24202,3.185533742320635e-05,0.27981434575790737,0.7201537989046695
id27260,0.4194259796571283,0.0010500351217553078,0.5795239852211165
id23167,0.00023120704895707102,0.00011070665321260021,0.9996580862978303
id10393,1.5053593297469088e-05,0.9993469943173323,0.0006379520893702024
id01171,0.9993012941914141,0.0006077899674764228,9.091584110948286e-05
id06380,0.9939452740054784,0.00010249319053702036,0.005952232803984534
id22686,0.015199316682425133,3.3820956833438135e-06,0.9847973012218916
id26250,0.0030895822265807013,0.00041947636711457665,0.9964909414063048
id09315,0.005585299671696582,0.8932999309121152,0.10111476941618824
id00886,0.00023532755903491175,0.5243415751883415,0.47542309725262366
id03101,0.9976891093763546,0.00041313215543230134,0.0018977584682130476
id12367,0.7125437204988797,0.00014440741441686572,0.28731187208670333
id10770,0.9998108914487678,2.873087036633418e-05,0.00016037768086586042
id14949,0.0019621545035307217,0.9980114673981567,2.6378098312602407e-05
id14141,0.07727252487340397,0.9226053109093904,0.00012216421720553445
id25417,0.8535829933780562,0.1332840959269431,0.013132910695000864
id26873,0.9857476112522414,0.014244816982428177,7.571765330594134e-06
id10818,0.0012334552941862507,0.00011504083848614622,0.9986515038673276
id15146,0.8294158840316505,8.923024431895437e-05,0.17049488572403051
id23328,0.9991561401798197,0.000490978152293554,0.00035288166788682444
id16765,0.04369756300343794,0.8613339458387058,0.09496849115785619
id24383,0.7767439400931656,9.92789796705359e-06,0.22324613200886748
